492	
495	
496	
501	
534	
535	
536	
537	
539	
542	
544	
549	
552	
558	
561	
563	
564	
565	
566	
600	
605	
606	
607	
608	
609	
610	
611	
612	
613	
646	
647	
649	
650	
651	
652	
653	
654	
655	
656	
657	
658	
659	
660	
661	
693	
695	
697	
698	
699	
700	
701	
702	
703	
704	
705	
706	
707	
708	
709	
710	
741	
742	
744	
745	
746	
747	
748	
749	
750	
751	
752	
753	
754	
755	
756	
757	
758	
759	
762	
788	
790	
792	
793	
794	
795	
796	
797	
798	
799	
800	
801	
802	
803	
804	
805	
806	
807	
810	
837	
839	
840	
841	
842	
843	
844	
845	
846	
847	
848	
849	
850	
851	
852	
853	
854	
855	
856	
857	
858	
884	
886	
888	
889	
890	
891	
892	
893	
894	
895	
896	
897	
898	
899	
900	
901	
902	
903	
904	
905	
906	
907	
908	
933	
934	
935	
936	
937	
938	
939	
940	
941	
942	
943	
944	
945	
946	
947	
948	
949	
950	
951	
952	
953	
954	
955	
956	
957	
980	
981	
982	
983	
984	
985	
986	
987	
988	
989	
990	
991	
992	
993	
994	
995	
996	
997	
998	
999	
1000
1001
1002
1003
1004
1005
1006
1034
1035
1036
1037
1038
1039
1040
1041
1042
1043
1044
1045
1046
1047
1048
1049
1050
1051
1052
1053
1054
1055
1056
1057
1083
1084
1085
1086
1087
1088
1089
1090
1091
1092
1093
1094
1095
1096
1097
1098
1099
1100
1101
1102
1103
1104
1105
1106
1107
1130
1131
1132
1133
1134
1135
1136
1137
1138
1139
1140
1141
1142
1143
1144
1145
1146
1147
1148
1149
1150
1152
1153
1154
1155
1176
1178
1179
1180
1181
1182
1183
1184
1185
1186
1187
1188
1189
1190
1191
1192
1193
1194
1195
1196
1197
1198
1199
1200
1201
1202
1203
1221
1223
1224
1225
1226
1227
1228
1229
1230
1231
1232
1233
1234
1235
1236
1237
1238
1239
1240
1241
1242
1243
1244
1245
1246
1247
1248
1249
1271
1272
1273
1274
1275
1276
1277
1278
1279
1280
1281
1282
1283
1284
1285
1286
1287
1288
1289
1290
1291
1292
1293
1294
1295
1296
1297
1298
1319
1320
1321
1322
1323
1324
1325
1326
1327
1328
1329
1330
1331
1332
1333
1334
1335
1336
1337
1338
1339
1340
1341
1342
1343
1344
1345
1346
1347
1348
1365
1366
1368
1369
1370
1371
1372
1373
1374
1375
1376
1377
1378
1379
1380
1381
1382
1383
1384
1385
1386
1387
1388
1389
1390
1391
1392
1393
1394
1395
1396
1397
1398
1414
1415
1416
1417
1418
1419
1420
1421
1422
1423
1424
1425
1426
1427
1428
1429
1430
1431
1432
1433
1434
1435
1436
1437
1438
1439
1440
1441
1442
1443
1444
1445
1446
1466
1467
1468
1469
1470
1471
1472
1473
1474
1475
1476
1477
1478
1479
1480
1481
1482
1483
1484
1485
1486
1487
1488
1489
1490
1491
1492
1493
1494
1495
1514
1515
1516
1517
1518
1519
1520
1521
1522
1523
1524
1525
1526
1527
1528
1529
1530
1531
1532
1533
1534
1535
1536
1537
1538
1539
1540
1541
1542
1543
1544
1545
1562
1563
1564
1565
1566
1567
1568
1569
1570
1571
1572
1573
1574
1575
1576
1577
1578
1579
1580
1581
1582
1583
1584
1585
1586
1587
1588
1589
1590
1591
1592
1593
1610
1611
1612
1613
1614
1615
1616
1617
1618
1619
1620
1621
1622
1623
1624
1625
1626
1627
1628
1629
1630
1631
1632
1633
1634
1635
1636
1637
1638
1639
1640
1641
1642
1643
1656
1657
1658
1659
1660
1661
1662
1663
1664
1665
1666
1667
1668
1669
1670
1671
1672
1673
1674
1675
1676
1677
1678
1679
1680
1681
1682
1683
1684
1685
1686
1687
1698
1699
1700
1701
1702
1703
1704
1705
1706
1707
1708
1709
1710
1711
1712
1713
1714
1715
1716
1717
1718
1719
1720
1721
1722
1723
1724
1725
1726
1727
1728
1729
1730
1745
1746
1747
1748
1749
1750
1751
1752
1753
1754
1755
1756
1757
1758
1759
1760
1761
1762
1763
1764
1765
1766
1767
1768
1769
1770
1771
1772
1773
1774
1775
1776
1777
1790
1792
1793
1794
1795
1796
1797
1798
1799
1800
1801
1802
1803
1804
1805
1806
1807
1808
1809
1810
1811
1812
1813
1814
1815
1816
1817
1818
1819
1820
1821
1822
1823
1824
1834
1835
1836
1837
1838
1839
1840
1841
1842
1843
1844
1845
1846
1847
1848
1849
1850
1851
1852
1853
1854
1855
1856
1857
1858
1859
1860
1861
1862
1863
1864
1865
1866
1867
1881
1882
1883
1884
1885
1886
1887
1888
1889
1890
1891
1892
1893
1894
1895
1896
1897
1898
1899
1900
1901
1902
1903
1904
1905
1906
1907
1908
1909
1910
1911
1912
1913
1914
1923
1924
1925
1927
1928
1929
1930
1931
1932
1933
1934
1935
1936
1937
1938
1939
1940
1941
1942
1943
1944
1945
1946
1947
1948
1949
1950
1951
1952
1953
1954
1955
1956
1957
1958
1959
1969
1970
1971
1972
1973
1974
1975
1976
1977
1978
1979
1980
1981
1982
1983
1984
1985
1986
1987
1988
1989
1990
1991
1992
1993
1994
1995
1996
1997
1998
1999
2000
2001
2002
2015
2016
2017
2018
2019
2020
2021
2022
2023
2024
2025
2026
2027
2028
2029
2030
2031
2032
2033
2034
2035
2036
2037
2038
2039
2040
2041
2042
2043
2044
2045
2046
2047
2048
2059
2060
2061
2062
2063
2064
2065
2066
2067
2068
2069
2070
2071
2072
2073
2074
2075
2076
2077
2078
2079
2080
2081
2082
2083
2084
2085
2086
2087
2088
2089
2090
2091
2092
2093
2103
2104
2105
2106
2107
2108
2109
2110
2111
2112
2113
2114
2115
2116
2117
2118
2119
2120
2121
2122
2123
2124
2125
2126
2127
2128
2129
2130
2131
2132
2133
2134
2135
2136
2137
2147
2148
2149
2150
2151
2152
2153
2154
2155
2156
2157
2158
2159
2160
2161
2162
2163
2164
2165
2166
2167
2168
2169
2170
2171
2172
2173
2174
2175
2176
2177
2178
2179
2180
2191
2192
2193
2194
2195
2196
2197
2198
2199
2200
2201
2202
2203
2204
2205
2206
2207
2208
2209
2210
2211
2212
2213
2214
2215
2216
2217
2218
2219
2220
2221
2222
2223
2224
2233
2234
2235
2236
2237
2238
2239
2240
2241
2242
2243
2244
2245
2246
2247
2248
2249
2250
2251
2252
2253
2254
2255
2256
2257
2258
2259
2260
2261
2262
2263
2264
2265
2266
2267
2268
2281
2282
2283
2284
2285
2286
2287
2288
2289
2290
2291
2292
2293
2294
2295
2296
2297
2298
2299
2300
2301
2302
2303
2304
2305
2306
2307
2308
2309
2310
2311
2312
2313
2314
2315
2326
2327
2328
2329
2330
2331
2332
2333
2334
2335
2336
2337
2338
2339
2340
2341
2342
2343
2344
2345
2346
2347
2348
2349
2350
2351
2352
2353
2354
2355
2356
2357
2358
2359
2360
2371
2372
2373
2374
2375
2376
2377
2378
2379
2380
2381
2382
2383
2384
2385
2386
2387
2388
2389
2390
2391
2392
2393
2394
2395
2396
2397
2398
2399
2400
2401
2402
2403
2404
2413
2414
2415
2416
2417
2418
2419
2420
2421
2422
2423
2424
2425
2426
2427
2428
2429
2430
2431
2432
2433
2434
2435
2436
2437
2438
2439
2440
2441
2442
2443
2444
2445
2446
2447
2455
2456
2457
2458
2459
2460
2461
2462
2463
2464
2465
2466
2467
2468
2469
2470
2472
2473
2474
2475
2476
2477
2478
2479
2480
2481
2482
2483
2484
2485
2486
2487
2488
2489
2501
2502
2503
2504
2505
2506
2507
2508
2509
2510
2511
2512
2513
2514
2515
2516
2517
2518
2519
2520
2521
2522
2523
2524
2525
2526
2527
2528
2529
2530
2531
2532
2533
2534
2545
2546
2547
2548
2549
2550
2551
2552
2553
2554
2555
2556
2557
2558
2559
2560
2561
2562
2563
2564
2565
2566
2567
2568
2569
2570
2571
2572
2573
2574
2575
2576
2577
2578
2589
2590
2591
2592
2593
2594
2595
2596
2597
2598
2599
2600
2601
2602
2603
2604
2605
2606
2607
2608
2609
2610
2611
2612
2613
2614
2615
2616
2617
2618
2619
2620
2621
2622
2623
2635
2636
2637
2638
2639
2640
2641
2642
2643
2644
2645
2646
2647
2648
2649
2650
2651
2652
2653
2654
2655
2656
2657
2658
2659
2660
2661
2662
2663
2664
2665
2666
2667
2668
2669
2679
2680
2681
2682
2683
2684
2685
2686
2687
2688
2689
2690
2691
2692
2693
2694
2695
2696
2697
2698
2699
2700
2701
2702
2703
2704
2705
2706
2707
2708
2709
2710
2711
2712
2723
2724
2725
2726
2727
2728
2729
2730
2731
2732
2733
2734
2735
2736
2737
2738
2739
2740
2741
2742
2743
2744
2745
2746
2747
2748
2749
2750
2751
2752
2753
2754
2755
2756
2767
2768
2769
2770
2771
2772
2773
2774
2775
2776
2777
2778
2779
2780
2781
2782
2783
2784
2785
2786
2787
2788
2789
2790
2791
2792
2793
2794
2795
2796
2797
2798
2799
2800
2811
2812
2813
2814
2815
2816
2817
2818
2819
2820
2821
2822
2823
2824
2825
2826
2827
2828
2829
2830
2831
2832
2833
2834
2835
2836
2837
2838
2839
2840
2841
2842
2843
2855
2856
2857
2858
2859
2860
2861
2862
2863
2864
2865
2866
2867
2868
2869
2870
2871
2872
2873
2874
2875
2876
2877
2878
2879
2880
2881
2882
2883
2884
2885
2886
2887
2899
2900
2901
2902
2903
2904
2905
2906
2907
2908
2909
2910
2911
2912
2913
2914
2915
2916
2917
2918
2919
2920
2921
2922
2923
2924
2925
2926
2927
2928
2929
2930
2931
2943
2944
2945
2946
2947
2948
2949
2950
2951
2952
2953
2954
2955
2956
2957
2958
2959
2960
2961
2962
2963
2964
2965
2966
2967
2968
2969
2970
2971
2972
2973
2974
2975
2987
2988
2989
2990
2991
2992
2993
2994
2995
2996
2997
2998
2999
3000
3001
3002
3003
3004
3005
3006
3007
3008
3009
3010
3011
3012
3013
3014
3015
3016
3017
3018
3031
3032
3033
3034
3035
3036
3037
3038
3039
3040
3041
3042
3043
3044
3045
3046
3047
3048
3049
3050
3051
3052
3053
3054
3055
3056
3057
3058
3059
3060
3061
3062
3075
3076
3077
3078
3079
3080
3081
3082
3083
3084
3085
3086
3087
3088
3089
3090
3091
3092
3093
3094
3095
3096
3097
3098
3099
3100
3101
3102
3103
3104
3105
3106
3119
3120
3121
3122
3123
3124
3125
3126
3127
3128
3129
3130
3131
3132
3133
3134
3136
3137
3138
3139
3140
3141
3142
3143
3144
3145
3146
3147
3148
3149
3150
3163
3164
3165
3166
3167
3168
3169
3170
3171
3172
3173
3174
3175
3176
3177
3178
3179
3180
3181
3182
3183
3184
3185
3186
3187
3188
3189
3190
3191
3192
3193
3194
3195
3196
3197
3207
3208
3209
3210
3211
3212
3213
3214
3215
3216
3217
3218
3219
3220
3221
3222
3223
3224
3225
3226
3227
3228
3229
3230
3231
3232
3233
3234
3235
3236
3237
3250
3251
3252
3253
3254
3255
3256
3257
3258
3259
3260
3261
3262
3263
3264
3265
3266
3267
3268
3269
3270
3271
3272
3273
3274
3275
3276
3277
3278
3279
3280
3293
3294
3295
3296
3297
3298
3299
3300
3301
3302
3303
3304
3305
3306
3307
3308
3309
3310
3311
3312
3313
3314
3315
3316
3317
3318
3319
3320
3321
3322
3323
3328
3336
3337
3338
3339
3340
3341
3342
3343
3344
3345
3346
3347
3348
3349
3350
3351
3352
3353
3354
3355
3356
3357
3358
3359
3360
3361
3362
3363
3364
3365
3366
3379
3380
3381
3382
3383
3384
3385
3386
3387
3388
3389
3390
3391
3392
3393
3394
3395
3396
3397
3398
3399
3400
3401
3402
3403
3404
3405
3406
3407
3408
3409
3422
3423
3424
3425
3426
3427
3428
3429
3430
3431
3432
3433
3434
3435
3436
3437
3438
3439
3440
3441
3442
3443
3444
3445
3446
3447
3448
3449
3450
3451
3452
3466
3467
3468
3469
3470
3471
3472
3473
3474
3475
3476
3477
3478
3479
3480
3481
3482
3483
3484
3485
3486
3487
3488
3489
3490
3491
3492
3493
3494
3495
3507
3508
3509
3510
3511
3512
3513
3514
3515
3516
3517
3518
3519
3520
3521
3522
3523
3524
3525
3526
3527
3528
3529
3530
3531
3532
3533
3534
3535
3536
3537
3547
3548
3549
3550
3551
3552
3553
3554
3555
3556
3557
3558
3559
3560
3561
3562
3563
3564
3565
3566
3567
3568
3569
3570
3571
3572
3573
3574
3575
3576
3577
3587
3588
3589
3590
3591
3592
3593
3594
3595
3596
3597
3598
3599
3600
3601
3602
3603
3604
3605
3606
3607
3608
3609
3610
3611
3612
3613
3614
3615
3616
3617
3627
3628
3629
3630
3631
3632
3633
3634
3635
3636
3637
3638
3639
3640
3641
3642
3643
3644
3645
3646
3647
3648
3649
3650
3651
3652
3653
3654
3655
3656
3670
3671
3672
3673
3674
3675
3676
3677
3678
3679
3680
3681
3682
3683
3684
3685
3686
3687
3688
3689
3690
3691
3692
3693
3694
3695
3696
3697
3698
3708
3709
3710
3711
3712
3713
3714
3715
3716
3717
3718
3719
3720
3721
3722
3723
3724
3725
3726
3727
3728
3729
3730
3731
3732
3733
3734
3735
3736
3748
3749
3750
3751
3752
3753
3754
3755
3756
3757
3758
3759
3760
3761
3762
3763
3764
3765
3766
3767
3768
3769
3770
3771
3772
3773
3774
3775
3776
3791
3792
3793
3794
3795
3796
3797
3798
3799
3800
3801
3802
3803
3804
3805
3806
3807
3808
3809
3810
3811
3812
3813
3814
3815
3816
3817
3818
3827
3828
3829
3830
3831
3832
3833
3834
3835
3836
3837
3838
3839
3840
3841
3842
3843
3844
3845
3846
3847
3848
3849
3850
3851
3852
3853
3865
3866
3867
3868
3869
3870
3871
3872
3873
3874
3875
3876
3877
3878
3879
3880
3881
3882
3883
3884
3885
3886
3887
3888
3889
3890
3891
3902
3903
3904
3905
3906
3907
3908
3909
3910
3911
3912
3913
3914
3915
3916
3917
3918
3919
3920
3921
3922
3923
3924
3925
3926
3927
3939
3940
3941
3942
3943
3944
3945
3946
3947
3948
3949
3950
3951
3952
3953
3954
3955
3956
3957
3958
3959
3960
3961
3962
3963
3964
3975
3976
3977
3978
3979
3980
3981
3982
3983
3984
3985
3986
3987
3988
3989
3990
3991
3992
3993
3994
3995
3996
3997
3998
3999
4009
4010
4011
4012
4013
4014
4015
4016
4017
4018
4019
4020
4021
4022
4023
4024
4025
4026
4027
4028
4029
4030
4031
4032
4033
4034
4046
4047
4048
4049
4050
4051
4052
4053
4054
4055
4056
4057
4058
4059
4060
4061
4062
4063
4064
4065
4066
4067
4068
4077
4079
4080
4081
4082
4083
4084
4085
4086
4087
4088
4089
4090
4091
4092
4093
4094
4095
4096
4097
4098
4099
4100
4112
4113
4114
4115
4116
4117
4118
4119
4120
4121
4122
4123
4124
4125
4126
4127
4128
4129
4130
4131
4132
4142
4144
4145
4146
4147
4148
4149
4150
4151
4152
4153
4154
4155
4156
4157
4158
4159
4160
4161
4162
4163
4164
4165
4166
4168
4169
4170
4180
4181
4182
4183
4184
4185
4186
4187
4188
4189
4190
4191
4192
4193
4194
4195
4198
4199
4200
4201
4202
4203
4218
4219
4220
4221
4222
4223
4224
4225
4226
4227
4228
4229
4230
4232
4234
4235
4237
4238
4239
4250
4251
4253
4254
4255
4256
4257
4258
4259
4260
4261
4262
4263
4264
4265
4266
4267
4268
4269
4280
4281
4282
4283
4284
4285
4286
4287
4288
4289
4290
4291
4292
4293
4311
4312
4313
4314
4315
4316
4317
4318
4319
4320
4321
4323
4324
4344
4559
4565
4566
4567
4568
4569
4570
4571
4572
4573
4574
4595
4596
4599
4609
4611
4636
4637
4638
4639
4640
4641
4642
4643
4644
4645
4646
4647
4648
4649
4650
4651
4652
4653
4654
4668
4670
4671
4672
4673
4674
4675
4714
4716
4718
4728
4729
4730
4731
4732
4733
4734
4735
4736
4737
4738
4739
4740
4741
4742
4743
4744
4745
4746
4790
4791
4792
4793
4794
4859
4860
4861
4862
4863
4864
4865
4866
4867
4932
4933
4934
4940
4941
4942
4944
4946
4947
4950
4951
4953
4955
4957
4962
4965
4966
4967
4969
4970
4971
4972
4973
5002
5003
5005
5006
5088
5089
5090
5091
5092
5093
5094
5095
5096
5097
5098
5099
5215
5216
5354
5355
5356
5357
5365
5368
5485
5486
5487
5488
5489
5490
5492
5493
5494
5496
5499
5501
5502
5503
5504
71492
61905
61945
61968
61971
61990
62000
62009
62060
62066
62069
62079
62097
62098
62107
62110
62122
62124
62125
62126
62137
62206
62208
62215
62216
62217
62230
62231
62233
62234
62239
62245
62251
62252
62253
62257
62260
62262
62304
62307
62325
62326
62339
62351
62352
62363
62367
62369
62371
62376
62385
62390
62395
62409
62416
62422
62427
62430
62440
62445
62453
62462
62491
62516
62529
62530
62540
62545
62553
62595
62596
62609
62610
62622
62623
62632
62633
62645
62654
62661
62671
62685
62687
62697
62722
62752
62766
62778
62788
62803
62827
62833
62838
62843
62845
62862
62868
62873
62903
62910
62911
62924
62926
62943
62958
62988
63001
63009
63012
63033
63049
63072
63073
63141
63219
63223
63242
63265
63268
63286
63309
63357
63397
63432
63465
63499
63551
63567
63579
63592
63593
63600
63634
63640
63647
63714
63735
63756
63806
63846
63853
63868
63883
63886
63903
64006
64008
64014
64047
64072
64118
64123
64125
64134
64166
64178
64194
64231
64257
64279
64297
64311
64326
64327
64341
64376
64408
64413
64437
64440
64446
64449
64452
64481
64489
64506
64509
64511
64526
64530
64537
64565
64572
64604
64620
64624
64636
64665
64677
64691
64727
64742
64762
64773
64786
64788
64801
64822
64856
64869
64883
64907
64909
64915
64920
64936
64958
64965
64986
65001
65017
65023
65055
65078
65084
65085
65087
65109
65112
65120
65127
65128
65132
65146
65174
65175
65228
65229
65264
65278
65282
65287
65306
65307
65337
65356
65364
65382
65429
65441
65488
65506
65507
65514
65526
65531
65538
65539
65568
65569
65585
65632
65650
65652
65665
65674
65685
65695
65701
65745
65760
65782
65794
65848
65867
65880
65893
65909
65913
65960
65977
65978
66001
66002
66019
66023
66050
66062
66067
66076
66117
66126
66155
66166
66177
66218
66234
66245
66310
66343
66344
66371
66377
66386
66435
66442
66450
66455
66469
66475
66494
66498
66522
66527
66537
66541
66548
66554
66591
66665
66668
66717
66720
66758
66775
66802
66804
66814
66847
66866
66867
66891
66921
66938
66946
66947
67003
67004
67019
67034
67036
67070
67074
67076
67100
67109
67136
67150
67151
67160
67170
67193
67198
67216
67217
67243
67266
67270
67282
67326
67367
67373
67383
67388
67390
67430
67470
67492
67506
67537
67552
67557
67572
67591
67597
67615
67617
67627
67632
67641
67643
67648
67649
67652
67665
67677
67691
67696
67701
67712
67734
67749
67759
67773
67802
67806
67820
67851
67856
67896
67900
67904
67910
67938
67947
67951
67967
67993
68003
68011
68024
68028
68042
68055
68061
68076
68092
68098
68118
68122
68129
68131
68147
68161
68173
68212
68231
68235
68267
68270
68286
68294
68305
68310
68343
68349
68357
68361
68369
68379
68380
68383
68415
68443
68455
68473
68483
68484
68485
68530
68532
68536
68547
68564
68565
68567
68591
68626
68641
68642
68643
68645
68658
68666
68667
68679
68690
68694
68695
68700
68706
68714
68720
68727
68736
68797
68798
68806
68820
68865
68867
68869
68872
68881
68882
68886
68909
68918
68930
69019
69033
69038
69059
69073
69100
69129
69130
69152
69156
69157
69175
69176
69204
69210
69245
69246
69247
69248
69287
69316
69323
69372
69381
69396
69414
69426
69433
69435
69450
69461
69462
69468
69472
69477
69485
69511
69521
69529
69541
69550
69553
69559
69561
69571
69592
69595
69598
69604
69609
69613
69622
69628
69640
69667
69680
69688
69689
69699
69704
69717
69720
69728
69737
69739
69743
69753
69757
69766
69776
69777
69782
69797
69813
69816
69826
69827
69830
69832
69848
69852
69857
69865
69866
69876
69879
69881
69890
69891
69893
69894
69896
69902
69907
69913
69915
69916
69942
69962
69968
69969
70001
70006
70016
70023
70054
70059
70063
70064
70069
70070
70073
70077
70080
70081
70082
70086
70093
70094
70124
70128
70139
70148
70152
70157
70171
70179
70202
70206
70211
70214
70215
70218
70228
70240
70255
70260
70271
70281
70284
70291
70292
70301
70314
70315
70321
70338
70339
70345
70346
70347
70353
70355
70357
70375
70379
70385
70387
70390
70397
70398
70405
70407
70408
70409
70412
70413
70430
70460
70469
70470
70474
70475
70482
70488
70491
70496
70498
70502
70506
70508
70520
70534
70556
70570
70571
70574
70582
70589
70600
70605
70607
70610
70614
70629
70653
70655
70659
70666
70673
70681
70686
70687
70691
70723
70730
70731
70735
70746
70754
70761
70763
70777
70783
70784
70786
70790
70794
70800
70803
70805
70836
70842
70845
70849
70850
70867
70876
70879
70882
70886
70887
70893
70898
70901
70909
70910
70916
70920
70928
70932
70933
70935
70939
70944
70960
70961
70963
70978
70986
70990
70992
70995
70997
71006
71018
71028
71039
71050
71052
71058
71059
71060
71061
71064
71071
71088
71092
71102
71108
71109
71116
71127
71128
71133
71138
71143
71144
71147
71154
71155
71157
71160
71166
71169
71184
71191
71192
71194
71198
71222
71223
71224
71231
71236
71249
71250
71253
71254
71257
71267
71268
71276
71283
71287
71293
71296
71302
71305
71314
71318
71319
71320
71323
71329
71331
71332
71345
71347
71348
71355
71360
71363
71367
71377
71389
71416
71418
71430
71435
71443
71456
71458
71463
71476
71480
71484
71485
71491
71492
71497
71505
71514
71526
71539
71540
71541
71546
71547
71565
71596
71598
71610
71614
71618
71621
71632
71646
71650
71653
71656
71657
71659
71667
71668
71683
71685
71687
71695
71696
71697
71705
71706
71710
71711
71716
71726
71731
71737
71744
71745
71749
71754
71755
71761
71767
71771
71780
71782
71798
71800
71809
71811
71812
71814
71829
71833
71834
71837
71849
71864
71869
71870
71887
71897
71898
71905
71908
71910
71916
71918
71926
71927
71940
71943
71966
71970
71973
71985
71997
71999
72003
72004
72011
72021
72022
72023
72032
72044
72045
72049
72050
72053
72059
72061
72062
72065
72078
72079
72084
72090
72091
72092
72097
72098
72100
72107
72118
72131
72134
72157
72159
72163
72171
72174
72181
72188
72192
72193
72202
72213
72222
72225
72239
72240
72245
72246
72271
72275
72283
72289
72290
72294
72303
72304
72305
72307
72310
72311
72314
72317
72320
72322
72324
72326
72330
72335
72338
72340
72344
72345
72350
72353
72354
72356
72370
72375
72382
72386
72387
72389
72392
72394
72395
72397
72398
72399
72400
72407
72413
72417
72418
72423
72424
72426
72428
72429
72430
72431
72433
72438
72439
72447
72448
72449
72450
72453
72454
72457
72463
72468
72475
72476
72480
72485
72489
72490
72491
72495
72499
72501
72503
72505
72506
72511
72512
72516
72517
72518
72520
72522
72523
72528
72537
72539
72541
72543
72546
72547
72548
72551
72554
72555
72556
72559
72560
72563
72564
72565
72569
72570
72579
72580
72582
72583
72586
72587
72589
72591
72595
72598
72599
72601
72602
72604
72605
72609
72611
72615
72618
72621
72622
72623
72624
72625
72626
72627
72629
72630
72631
72634
72635
72636
72641
72643
72647
72652
72654
72655
72657
72658
72662
72663
72664
72667
72670
72671
72674
72679
72681
72686
72687
72695
72700
72703
72704
72705
72706
72707
72709
72714
72716
72720
72721
72729
72732
72736
72737
72740
72749
72753
72755
72760
72762
72780
72783
72788
72791
72792
72798
72800
72805
72806
72807
72809
72810
72811
72812
72815
72819
72825
72826
72830
72837
72841
72851
72868
72888
72892
72894
72898
72903
72919
72923
72927
72928
72931
72941
72944
72951
72952
72960
72961
72962
72964
72968
72972
72977
72989
72990
72994
72997
73006
73016
73025
73033
73035
73047
73056
73058
73060
73067
73075
73082
73091
73095
73107
73116
73123
73129
73155
73199
73219
73234
73235
73259
73265
73349
73846
74222
74223
74225
74349
74350
74482
74483
74484
74485
74486
65241
65255
65262
65288
65312
65322
65347
65348
65371
65383
65402
65408
65431
65448
65456
65457
65474
65475
65502
65509
65510
65515
65537
65541
65562
65563
65623
65648
65679
65680
65727
65728
65729
65747
65749
65758
65777
65789
65865
65916
65977
66001
66002
66018
66035
66050
66053
66088
66101
66156
66210
66255
66369
66385
66420
66442
66444
66454
66455
66476
66498
66515
66540
66541
66558
66673
66692
66756
66779
66780
66786
66802
66809
66830
66840
66866
66892
66946
66985
66993
67034
67075
67077
67081
67099
67106
67125
67126
67147
67148
67158
67198
67219
67262
67270
67338
67383
67389
67391
67417
67422
67452
67453
67456
67457
67466
67467
67469
67536
67552
67557
67562
67565
67600
67652
67731
67746
67767
67791
67819
67820
67837
67857
67858
67860
67896
67952
67969
67989
67992
68001
68024
68033
68056
68061
68205
68206
68220
68235
68266
68305
68309
68333
68335
68344
68407
68443
68533
68564
68589
68603
68617
68640
68647
68659
68694
68858
68905
68918
68960
68993
69033
69058
69101
69131
69214
69287
69329
69353
69404
69434
69436
69510
69571
69577
69598
69619
69640
69747
69752
69756
69820
69830
69843
69868
69900
69914
69931
69961
69968
69987
70007
70016
70020
70077
70092
70098
70119
70153
70161
70201
70234
70257
70289
70333
70334
70372
70404
70421
70444
70447
70450
70465
70501
70537
70542
70544
70558
70606
70621
70622
70682
70683
70744
70745
70760
70775
70793
70819
70825
70855
70857
70877
70903
70919
70927
70951
70957
71004
71024
71029
71038
71040
71057
71123
71134
71139
71174
71175
71208
71221
71238
71239
71242
71255
71260
71269
71280
71295
71369
71370
71387
71402
71425
71437
71450
71459
71464
71499
71533
71543
71557
71561
71569
71603
71648
71672
71686
71723
71738
71740
71822
71871
71907
71941
71942
73385
73401
69968
70016
70077
70161
70214
70215
70271
70289
70297
70321
70339
70347
70460
70475
70480
70501
70503
70682
70739
70775
70923
70927
71130
71139
71260
71425
71465
71511
71543
71561
71672
71723
71733
71740
71857
71871
71907
71941
71942
71946
72026
72046
72047
72074
72085
72087
72120
72153
72173
72179
72200
70339
70347
70480
70923
71511
71610
71732
71945
72168
72193
72254
72269
72330
72366
72371
72376
72380
72385
72427
72434
72455
72462
72463
72470
72472
72477
72500
72508
72521
72535
72546
72547
72561
72562
72583
72598
72621
72627
72635
72663
72664
72679
72686
72713
72714
72720
72722
72727
72736
72737
72738
72743
72747
72748
72753
72759
72762
72773
72775
72776
72780
72783
72784
72791
72796
72797
72798
72801
72805
72806
72807
72809
72810
72811
72813
72814
72815
72816
72822
72824
72826
72828
72830
72832
72834
72836
72838
72841
72842
72843
72844
72846
72847
72848
72850
72851
72852
72853
72854
72855
72856
72857
72859
72860
72861
72864
72867
72869
72871
72872
72873
72874
72875
72876
72877
72878
72879
72881
72882
72883
72884
72886
72889
72893
72900
72908
72909
72921
72957
72975
72978
72983
72986
73001
73003
73005
73007
73011
73012
73014
73018
73022
73023
73029
73036
73040
73041
73049
73053
73054
73059
73068
73070
73078
73081
73083
73086
73087
73088
73090
73101
73103
73105
73120
73131
73157
73203
73216
73268
72476
72518
72560
72591
72593
72610
72615
72619
72625
72630
72631
72634
72646
72656
72660
72675
72680
72682
72692
72696
72698
72699
72712
72713
72722
72723
72727
72738
72743
72747
72748
72751
72771
72776
72820
72838
72885
72897
72899
72900
72902
72909
72921
72937
72939
72940
72946
72947
72948
72949
72954
72955
72956
72969
72974
72980
72988
72992
72996
72999
73004
73005
73009
73010
73012
73014
73022
72629
72657
72670
72732
72749
72755
72760
72792
72811
72812
72829
72842
72855
72912
72917
72927
72951
72975
73045
73051
73053
73064
73082
73095
73116
73123
73208
73209
73211
73212
73214
73219
73220
73231
73234
73235
73240
73241
73250
73251
73259
73262
73264
73265
73269
73270
73273
73274
73277
73282
73283
73285
73286
73288
73289
73293
73294
73295
73300
73303
73306
73307
73310
73312
73314
73318
73322
73045
73053
73152
73173
73184
73203
73206
73209
73221
73228
73242
73260
73266
73268
73271
73279
73282
73291
73294
73296
73297
73299
73305
73307
73311
73314
73317
73318
73319
73320
73321
73322
73323
73325
73326
73327
73330
73332
73333
73336
73337
73339
73367
73368
73090
73101
73120
73131
73134
73144
73165
73167
73185
73186
73190
73191
73202
73204
73205
73210
73215
73216
73224
73225
73227
73236
73238
73239
73245
73252
73253
73255
73258
73261
73263
73267
73268
73272
73275
73276
73278
73279
73280
73281
73284
73287
73290
73292
73296
73298
73301
73302
73304
73308
73309
73311
73313
73315
73316
73321
73324
73328
73329
73331
73334
73335
73336
73337
73338
73339
73340
73373
72936
72965
72973
72985
72987
72998
73002
73017
73019
73020
73021
73024
73026
73028
73029
73030
73034
73036
73038
73039
73040
73041
73046
73048
73049
73054
73059
73061
73062
73068
73071
73073
73078
73080
73084
73086
73087
73088
73094
73098
73099
73101
73103
73105
73106
73111
73112
73120
73122
73125
73126
73134
73137
73138
73139
73147
73148
73156
73158
73162
73164
73166
73175
73179
73180
73185
73187
73190
73202
73205
73210
73213
73215
73218
73224
73226
73227
73232
73239
73243
73252
73631
72322
72338
72386
72397
72398
72399
72415
72447
72476
72518
72541
72560
72563
72572
72591
72593
72610
72612
72615
72619
72645
72646
72652
72656
72658
72702
72721
72752
72769
72771
72789
72790
72803
72804
72820
72821
72831
72833
72840
72845
72849
72862
72863
72866
72870
72880
72885
72896
72897
72899
72901
72904
72905
72911
72913
72914
72916
72918
72926
72929
72934
72939
72945
72948
72954
72955
72956
73509
73510
72827
72922
72941
72942
72961
72964
72982
72993
72994
72997
73015
73025
73027
73031
73033
73047
73060
73063
73065
73067
73075
73091
73096
73097
73107
73123
73129
73136
73142
73155
73168
73172
73199
73211
73212
73219
73235
73240
73250
73251
73259
73264
73274
73350
73352
73353
73359
73360
73475
73476
73477
73724
73851
73852
74356
74491
74492
74624
68565
68797
68930
69157
69381
69414
69433
69450
69529
69553
69595
69609
69717
69737
69766
69813
69832
69902
69913
70054
70064
70139
70152
70346
70397
70407
70409
70496
70570
70582
70784
70916
70961
71108
71276
71323
71331
71539
71653
71908
72003
72004
72050
72078
72174
72275
72294
72303
72375
72392
72418
72681
72707
72865
72919
72932
72981
73006
73032
73035
73037
73044
73047
73055
73056
73058
73060
73063
73065
73067
73072
73075
73076
73085
73089
73091
73096
73097
73107
73108
73119
73127
73136
73142
73143
73145
73155
73159
73168
73169
73172
73356
73357
73358
73365
73366
73468
73469
73470
73471
73472
73707
73727
73728
73729
73730
73731
73856
73857
74359
74360
74494
74495
74628
70916
71539
72003
72294
72303
72340
72375
72392
72407
72418
72453
72499
72554
72569
72587
72618
72670
72707
72951
72968
72977
73067
73072
73113
73116
73119
73123
73129
73141
73145
73149
73151
73154
73155
73159
73168
73169
73170
73171
73172
73183
73193
73196
73199
73201
73208
73211
73212
73217
73219
73220
73230
73235
73240
73241
73247
73250
73251
73256
73259
73262
73264
73270
73274
73277
73283
73288
73289
73295
73361
73362
73363
73463
73464
73703
73102
73115
73118
73140
73154
73181
73195
73196
73198
73200
73222
73229
73230
73237
73254
73256
73257
73266
73277
73285
73286
73288
73289
73295
73297
73300
73303
73310
73312
73314
73317
73322
73459
73460
73461
73485
73486
73487
73739
70347
70480
70503
70739
70923
70927
71130
71260
71465
71511
71543
71610
71732
71733
71740
71807
71857
71871
71945
71946
71974
72002
72026
72047
72051
72074
72108
72120
72135
72153
72154
72160
72168
72173
72179
72200
72221
72231
72252
72254
72273
72285
72291
72298
72301
72302
72327
72332
72343
72355
72366
72372
72374
72376
72380
72385
72402
72405
72427
72443
72455
72477
73406
73420
73421
73422
71087
71258
71567
71639
71686
71723
71738
71820
71822
71847
71871
71892
71907
71941
71942
71971
71984
72046
72051
72074
72085
72087
72153
72160
72179
72316
72362
72386
72390
72397
72432
72458
72461
72504
72526
72534
72538
72541
72563
72565
72578
72579
72584
72588
72595
72598
72602
72612
72613
72641
72652
72658
72659
72662
72669
72673
72687
72695
72697
72700
72702
72703
72709
72721
72740
72741
72742
72746
72752
72766
72769
72781
72790
72795
72799
72802
72803
72804
72817
72821
72831
72833
72835
72840
72845
72849
72862
72863
72866
72870
72880
72890
72896
72901
72904
72910
72913
72914
72918
72926
73494
73495
73520
72572
72593
72619
72645
72673
72701
72746
72751
72770
72771
72789
72808
72818
72820
72823
72831
72858
72885
72887
72890
72891
72897
72899
72905
72906
72910
72911
72915
72916
72920
72924
72925
72926
72929
72930
72933
72934
72935
72937
72938
72939
72940
72945
72946
72947
72948
72949
72950
72953
72954
72955
72956
72958
72959
72966
72969
72970
72971
72974
72976
72979
72980
72984
72988
72991
72992
72995
72999
73000
73004
73008
73009
73013
73020
73021
73026
73559
73632
73633
73634
73782
73783
73784
67216
67266
67572
67615
67677
67701
67904
67947
67993
68003
68011
68055
68231
68267
68343
68547
68720
68798
69129
69210
69462
69743
73052
73054
73066
73074
73079
73086
73087
73093
73098
73100
73103
73105
73110
73112
73114
73121
73124
73125
73126
73130
73132
73133
73135
73137
73138
73139
73146
73147
73148
73153
73156
73158
73160
73162
73163
73164
73166
73174
73175
73177
73179
73180
73182
73187
73188
73190
73194
73197
73202
73205
73213
73218
73760
73761
73762
73763
73764
73765
73766
73767
73768
73769
73887
73888
73889
73890
73891
73892
73893
73894
74049
74392
74393
74394
74395
74527
74528
74529
74530
74531
74532
74660
74661
74662
66344
67591
68118
68129
68369
68415
68483
68536
68658
68666
68667
68700
68727
68872
68881
69130
69521
69592
70255
70412
70730
70763
70963
71102
71198
71305
71319
71329
71332
71377
71443
71480
71596
71598
71745
71780
73077
73109
73128
73150
73161
73165
73176
73178
73186
73188
73189
73192
73194
73197
73207
73218
73223
73225
73226
73227
73232
73233
73239
73243
73244
73245
73246
73248
73249
73252
73253
73258
73263
73267
73275
73276
73278
73279
73280
73284
73287
73290
73292
73302
73304
73308
73309
73315
73316
73711
73712
73713
73714
73750
73751
73876
73877
74377
74513
74514
72952
72962
72968
73116
73123
73140
73173
73184
73191
73198
73200
73228
73231
73234
73238
73242
73255
73260
73269
73271
73272
73273
73281
73294
73296
73298
73299
73301
73305
73313
73319
73320
73321
73323
73326
73328
73331
73332
73333
73334
73335
73336
73337
73338
73339
73340
73367
73368
73369
73370
73371
73458
73459
73460
73487
73488
73489
73490
73739
73740
73741
73866
72985
72987
72998
73002
73017
73019
73021
73024
73028
73030
73038
73039
73041
73043
73046
73048
73052
73062
73066
73071
73073
73074
73079
73084
73094
73098
73112
73769
73770
73771
73772
73773
73774
73896
73897
73898
72936
72959
72965
72971
72973
72976
72984
72985
72987
72992
72995
72998
73000
73002
73008
73013
73017
73019
73021
73024
73026
73028
73030
73039
73773
73774
73775
73776
73777
73901
73902
73077
73092
73104
73109
73128
73144
73150
73161
73165
73167
73186
73207
73223
73233
73372
73373
73374
73454
73455
73456
73457
73458
73481
73482
73483
73484
73488
73489
73490
73491
73492
73493
73710
73711
73712
73713
73714
73740
73741
73742
73743
73744
73745
73746
73747
73748
73749
73750
73751
73752
73753
73754
73756
73867
73868
73869
73870
73871
74370
74503
74504
74505
74506
74507
74508
73117
73132
73133
73135
73708
73709
73710
73711
73712
73713
73714
73751
73752
73753
73754
73755
73756
73757
73758
73759
73760
73761
73879
73880
73881
73883
73884
73885
73886
73887
73888
73889
72287
72352
72415
72458
72482
72534
72538
72578
72612
72613
73507
73508
73509
73510
73511
73512
73513
73514
73515
73558
73561
73562
73563
73564
73565
73566
73567
73568
73569
73570
73571
73572
73573
73574
73638
73639
73640
73641
73642
73643
73644
73645
73646
73647
73648
73649
73650
73651
73785
73786
73787
73788
73789
73790
73791
73792
73793
73794
73795
73796
73797
73798
73911
73912
73913
73914
73915
73916
73917
73918
73919
73920
73921
74413
74414
74415
74416
74417
74418
74549
74550
74551
74552
74553
74554
74555
74556
74557
74681
74682
72600
72701
72770
72808
72823
72858
72887
72891
72906
72915
72920
72925
72930
72933
72934
72935
72936
72938
72950
72953
72958
72959
72965
72966
72969
72970
72971
72973
72974
72976
72979
72984
72985
72987
72988
72991
72995
72998
73002
73008
73013
73017
73021
73559
73560
73561
73562
73563
73631
73632
73633
73634
73635
73636
73637
73638
73639
73640
73641
73642
73643
73770
73771
73772
73773
73774
73776
73777
73778
73779
73780
73781
73782
73783
73784
73785
73786
73787
73788
73789
73893
73894
73895
73897
73898
73899
73900
73901
73902
73903
73904
73905
73906
73907
73908
73909
73910
73911
73912
73913
74395
74396
74397
74398
74399
74400
74401
74402
74403
74404
74405
74406
74407
74408
74409
74530
74531
74532
74533
74534
74535
74536
74537
74538
74539
74540
74541
74542
74543
74544
74545
74546
74547
74548
74549
74662
74663
74664
74665
74666
74667
71995
72002
72010
72135
72146
72154
72190
72221
72231
72252
72269
72273
72280
72285
72287
72292
72298
72299
72302
72316
72327
72332
72343
72352
72355
72362
72367
72371
72372
72374
72377
72379
72390
72402
72405
72420
72427
72432
72434
72443
72446
72451
72458
72461
72472
72477
72500
72504
72508
72521
72524
72526
72534
72535
72538
72561
72562
72582
72583
72588
73407
73408
73409
73410
73411
73412
73413
73414
73415
73416
73417
73418
73419
73420
73447
73448
73449
73450
73451
73452
73453
73494
73495
73496
73497
73498
73499
73500
73501
73502
73503
73504
73505
73506
73511
73512
73513
73514
73515
73516
73517
73518
73519
73520
73521
73522
73523
73524
73525
73526
73527
73528
73529
73530
73570
73571
73572
73573
73574
73575
73576
73577
73578
73579
73580
73581
73582
73583
73648
73649
73650
73651
73652
73653
73654
73655
73656
73657
73799
73800
73801
73802
73925
70201
70544
71087
71239
71258
71437
71450
71517
71536
71567
71603
71639
71648
71686
71688
71793
71807
71820
71822
71847
71892
71907
71974
71984
72051
73401
73402
73403
73404
73405
73406
73407
73408
73410
73413
73415
73416
73417
73418
73419
73420
73421
73422
73423
73424
73425
73426
73427
73428
73429
73430
73431
73432
73505
73506
73521
73522
73523
73524
73525
73526
73527
73528
73529
73530
73531
73532
73533
73534
73535
73536
73537
73538
73539
73540
73541
73542
73543
73544
73545
73546
73547
73581
73582
73583
73584
73585
73586
73587
73588
73589
73590
73591
73592
73593
73594
73595
73596
73597
73598
73599
73600
73601
73602
73603
73659
73660
73661
73662
73663
73664
73665
73666
73667
73668
73669
73670
73671
73672
73673
73674
73675
73676
73677
73678
73809
73810
73811
73812
73813
73814
73815
73816
73817
73818
73819
73820
73821
73822
73823
73937
73938
73939
73943
73639
73640
73641
73786
73787
73788
73789
73790
73791
73908
73909
73910
73911
73912
73913
73914
73915
73916
73917
74040
74041
74042
74043
74044
74400
74401
74402
74403
74404
74405
74406
74407
74408
74409
74410
74411
74412
74413
74415
74416
74542
74543
74545
74546
74547
74548
74549
74551
74552
74553
74554
74666
74667
74668
74669
74670
74671
74672
74673
74674
74675
74676
74677
74678
74679
74680
73862
73863
73864
73869
73870
73871
73872
73873
73874
73876
73878
73882
73900
73901
73902
73903
74045
74046
74047
74048
74049
74050
74053
74367
74369
74370
74371
74372
74373
74374
74375
74376
74378
74379
74380
74381
74382
74383
74384
74385
74386
74387
74388
74389
74390
74391
74392
74393
74394
74395
74398
74399
74400
74401
74402
74403
74404
74501
74502
74503
74504
74505
74506
74507
74508
74509
74510
74511
74512
74513
74514
74515
74516
74517
74518
74519
74520
74521
74522
74523
74524
74533
74534
74535
74536
74537
74538
74539
74540
74636
74637
74638
74639
74640
74641
74642
74643
74648
74653
74656
74657
74658
74659
74660
74661
74662
74665
74666
74667
74668
74669
74670
74671
