-0.0475467 -0.0669152 0.489375
-0.0457404 -0.044137 0.494437
-0.0447993 -0.0219726 0.504561
-0.038386 -0.0011116 0.494437
-0.0308806 0.0166048 0.491906
-0.0308977 0.0469757 0.577957
-0.0123831 0.0596302 0.552648
0.00581884 0.0694808 0.539994
0.0260661 0.059044 0.471659
0.0437825 0.0579541 0.479252
0.0636865 0.0570993 0.52987
0.0824934 0.0469757 0.552648
0.0893388 0.0231526 0.50203
0.098584 0.00395022 0.50203
0.102206 -0.018828 0.496968
0.116398 -0.0416061 0.555179
0.118934 -0.0669152 0.55771
-0.0321448 -0.0795698 0.454134
-0.0220212 -0.0890201 0.443819
-0.00936661 -0.0896934 0.436163
0.00581884 -0.0846316 0.430611
0.0159425 -0.0795698 0.431442
0.0311279 -0.0795698 0.432253
0.0437825 -0.0846316 0.430015
0.0589679 -0.0871625 0.434156
0.0741534 -0.0871625 0.441203
0.084277 -0.0795698 0.449914
0.0235352 -0.0593225 0.4366
0.0235352 -0.0466679 0.434448
0.0235352 -0.0319609 0.428634
0.0235352 -0.018828 0.425443
0.0097277 -0.00870432 0.44635
0.0178522 -0.00617342 0.441288
0.0235352 -0.00409588 0.438757
0.0311279 -0.00617342 0.439406
0.0387207 -0.00870432 0.44287
-0.0184864 -0.0593225 0.451412
-0.00936661 -0.0641225 0.443819
0.000757024 -0.0643843 0.441766
0.00834975 -0.0567916 0.444542
-0.00177388 -0.0552983 0.443819
-0.0118975 -0.0561171 0.44635
0.0437825 -0.0567916 0.444227
0.0513752 -0.0643843 0.44177
0.0589679 -0.0643843 0.442156
0.0690915 -0.0593225 0.447712
0.0614988 -0.0567916 0.444538
0.0513752 -0.0542607 0.443791
0.00328793 0.0216666 0.460131
0.0108806 0.0160726 0.448881
0.0184734 0.0115429 0.439352
0.0235352 0.0140738 0.438705
0.0311279 0.0115429 0.437975
0.0387207 0.0154835 0.443819
0.0488443 0.0213872 0.456474
0.0399203 0.0267284 0.451412
0.0311279 0.0305917 0.453943
0.0260661 0.0317902 0.456134
0.0184734 0.02987 0.453943
0.0108806 0.0267284 0.456973
0.00642583 0.0216666 0.459005
0.0184734 0.0216666 0.449466
0.0235352 0.0216666 0.447598
0.0311279 0.0216666 0.447658
0.0437825 0.0216666 0.453107
0.0311279 0.0187624 0.443819
0.0260661 0.0191357 0.443116
0.0185581 0.0191357 0.44635