-0.0257793 0.0107901 0.470213
-0.00989765 0.00923395 0.456843
0.00347273 0.0107901 0.449478
0.0141691 0.0169304 0.44882
0.0355617 0.0161382 0.447646
0.046258 0.0107901 0.446775
0.0596284 0.00811599 0.450604
0.0729987 0.00706849 0.456843
0.0863691 0.0134641 0.466307
0.0275394 0.0310587 0.451495
0.0275394 0.0425761 0.446146
0.0275394 0.05256 0.438124
0.0275394 0.0642716 0.432538
0.0159535 0.0749679 0.446146
0.0221913 0.077642 0.442734
0.0302135 0.077642 0.440278
0.0355617 0.0749679 0.44036
0.0435839 0.0749679 0.441882
-0.0191176 0.0375308 0.470213
-0.0107251 0.0321827 0.462191
-0.00187542 0.0321827 0.459344
0.00614682 0.0375308 0.458341
-0.00187542 0.0402049 0.458467
-0.0107351 0.0402049 0.462191
0.048932 0.0348568 0.456165
0.0542802 0.0295086 0.456408
0.0649765 0.0295086 0.457437
0.0729987 0.0321827 0.461245
0.0649765 0.0365768 0.456843
0.0569543 0.0375308 0.455984
0.00614682 0.104383 0.453884
0.0141691 0.094366 0.443472
0.0236188 0.0883383 0.43545
0.0302135 0.0910124 0.433639
0.0382357 0.0883383 0.433541
0.048782 0.0910124 0.438124
0.0569543 0.0990346 0.445699
0.048932 0.105324 0.440798
0.0409098 0.108232 0.438124
0.0328876 0.108919 0.438124
0.0248654 0.109731 0.441632
0.0151805 0.109731 0.44882