-0.0743706 -0.00703417 0.529003
-0.053089 0.0125665 0.437533
-0.081906 0.0583015 0.587805
-0.0700483 0.0844358 0.578456
-0.0635147 0.11057 0.573505
-0.043914 0.136704 0.564623
-0.0243133 0.149771 0.559249
0.00182092 0.169372 0.559682
0.0214216 0.169372 0.556607
0.0475559 0.169372 0.551441
0.0736902 0.156305 0.550585
0.0932909 0.136704 0.555854
0.112892 0.117104 0.564392
0.125959 0.0909693 0.571146
0.139026 0.0671741 0.587805
0.145504 0.0410034 0.601853
0.125959 -0.000500605 0.504492
-0.0349117 -0.0201013 0.404865
-0.0214841 -0.0266349 0.391798
-0.00471264 -0.0266349 0.382942
0.00835449 -0.0201013 0.380738
0.0148881 -0.0135677 0.382864
0.0410223 -0.0135677 0.380626
0.0540895 -0.0201013 0.380287
0.0673008 -0.0201013 0.385264
0.0802237 -0.0201013 0.392716
0.0949461 -0.0135677 0.411398
0.0316522 -0.000500605 0.385264
0.0317584 0.0125665 0.385264
0.0297238 0.0256337 0.378731
0.0279552 0.0387008 0.377361
0.0104929 0.0517679 0.391798
0.0214216 0.0517679 0.387339
0.0279552 0.0517679 0.386319
0.0344888 0.0517679 0.387077
0.0443769 0.0517679 0.391798
-0.0177798 -0.000500605 0.396285
-0.0112462 -0.000500605 0.393158
0.00182092 -0.000500605 0.391448
0.00835449 0.00603296 0.392933
0.00182092 0.00603296 0.393324
-0.0112462 0.00603296 0.394741
0.0475559 0.00595313 0.391798
0.060623 -0.000500605 0.390022
0.0697634 -0.000500605 0.391798
0.106358 0.0191001 0.590929
0.0896936 0.0256337 0.581271
0.060623 0.00603296 0.392756
-0.00332497 0.0713686 0.404865
0.00835449 0.0713686 0.397391
0.0214216 0.0648351 0.388376
0.0279552 0.0713686 0.390388
0.0344888 0.0648351 0.388393
0.0468231 0.0713686 0.398331
0.0584334 0.0713686 0.404865
0.0475559 0.0844358 0.403852
0.0344888 0.0871073 0.398331
0.0279552 0.0844358 0.397029
0.0181202 0.0844358 0.398331
0.00835449 0.0844358 0.401131
0.00182092 0.0713686 0.401832
0.0214216 0.0725341 0.391798
0.0279552 0.0739727 0.391798
0.0344888 0.0715076 0.391798
0.0540895 0.0755528 0.404865
0.0344888 0.0779022 0.395118
0.0279552 0.0779022 0.393916
0.0214216 0.0725341 0.391798
