-0.109348 -0.0958825 0.741678
-0.104001 -0.0691448 0.745254
-0.0956109 -0.0477546 0.738504
-0.0826105 -0.022248 0.701071
-0.0755712 -0.00497417 0.701071
-0.0719154 0.0217636 0.756114
-0.0505252 0.0324587 0.735231
-0.029135 0.0431538 0.721027
-0.00774485 0.0445027 0.706419
0.0136454 0.0361553 0.668986
0.029688 0.0233811 0.674334
0.0455712 0.016416 0.759894
0.053052 -0.0103217 0.690376
0.0591792 -0.0317119 0.695724
0.0619657 -0.0531021 0.695724
0.0721405 -0.0798399 0.759894
0.0724684 -0.103921 0.754547
-0.0790811 -0.10123 0.663638
-0.0665679 -0.106578 0.64671
-0.0505252 -0.111925 0.635576
-0.0344826 -0.106578 0.62995
-0.0237875 -0.10123 0.630896
0.00295025 -0.10123 0.629713
0.0136454 -0.106578 0.631119
0.0274146 -0.111925 0.636901
0.0408041 -0.111925 0.647596
0.0513036 -0.106578 0.663638
-0.00774485 -0.0851874 0.633759
-0.00774485 -0.0691448 0.626458
-0.00774485 -0.0573367 0.620858
-0.00774485 -0.042407 0.616734
-0.0237875 -0.0317119 0.641784
-0.0130924 -0.0317119 0.634853
-0.00774485 -0.0317119 0.630553
0.00141406 -0.0317119 0.631553
0.0082978 -0.0370595 0.63268
-0.0612203 -0.0851874 0.650425
-0.0505252 -0.0897753 0.642248
-0.0398301 -0.0851874 0.642093
-0.0301319 -0.0798399 0.642248
-0.0398301 -0.0798399 0.641538
-0.0505252 -0.0798399 0.643512
0.0082978 -0.0798399 0.640349
0.0189929 -0.090535 0.639947
0.0264979 -0.090535 0.642248
0.0350355 -0.0851874 0.649296
0.029688 -0.0798399 0.644792
0.0189929 -0.0798399 0.641726
-0.0344826 -0.00497417 0.650434
-0.0237875 -0.0119087 0.642248
-0.0130924 -0.0156693 0.63333
-0.00774485 -0.0156693 0.630652
0.001949 -0.0156693 0.631553
0.0125157 -0.0156693 0.636901
0.0189929 -0.0103217 0.644907
0.0136454 0.000373378 0.641594
0.00295025 0.00572093 0.635819
-0.0023973 0.00572093 0.634402
-0.0125202 0.00572093 0.636901
-0.0225803 0.000373378 0.642248
-0.029135 -0.00675735 0.647596
-0.0130924 -0.0103217 0.634892
-0.00774485 -0.00497417 0.631785
0.00295025 -0.0103217 0.633497
0.015809 -0.0103217 0.642248
0.00295025 -0.00497417 0.633723
-0.0023973 -0.00497417 0.631662
-0.0130924 -0.00497417 0.634785
