-0.0823228 0.0545125 0.580636
-0.0802218 0.0782479 0.580947
0 0 0
-0.0781089 0.135691 0.623554
-0.0679457 0.155606 0.611725
-0.0532774 0.173258 0.598153
-0.0355241 0.18771 0.587769
-0.0092655 0.163079 0.493078
0.0105641 0.163737 0.48714
0.0302901 0.207282 0.603508
0.0503777 0.196627 0.614506
0.0661881 0.179038 0.618698
0.0791925 0.157873 0.623764
0 0 0
0 0 0
0.0911895 0.0780579 0.592451
0.0937038 0.0548347 0.598969
-0.0535368 0.039973 0.502108
-0.0393992 0.0325409 0.485804
-0.0250963 0.033298 0.477981
-0.0121649 0.037479 0.475395
0.000456328 0.042505 0.476221
0.0193566 0.0419718 0.476882
0.0316614 0.0370338 0.47748
0.0444846 0.0323168 0.481253
0.0587171 0.0317568 0.49182
0.0718208 0.0406581 0.510877
0.0108474 0.0554954 0.480379
0.0113776 0.066937 0.47692
0.0118246 0.0775276 0.469943
0.0122153 0.0887221 0.464729
-0.00268303 0.0997853 0.475522
0.00454723 0.100603 0.473396
0.0120304 0.10221 0.472834
0.0190821 0.100902 0.474707
0.0260088 0.0997533 0.477871
-0.0367006 0.057327 0.49057
-0.0277038 0.0564689 0.485988
-0.0185914 0.0563663 0.484528
-0.0107645 0.0588204 0.484824
-0.0200344 0.0621135 0.486304
-0.0288434 0.0619157 0.488075
0.0314844 0.0583088 0.487124
0.0384225 0.0562237 0.487229
0.0473321 0.0559868 0.48936
0.056644 0.056877 0.496733
0.0484051 0.0613448 0.491857
0.0396172 0.0614341 0.489056
-0.0141278 0.125843 0.483149
-0.00507949 0.117794 0.474684
0.00474224 0.112678 0.470535
0.0121751 0.115157 0.470013
0.0186316 0.112991 0.471772
0.0277189 0.117829 0.477028
0.0365625 0.125977 0.487158
0.0283481 0.133195 0.483816
0.0198973 0.135532 0.478363
0.0124354 0.135823 0.476516
0.00418775 0.135152 0.477051
-0.00542625 0.132625 0.481118
-0.0092821 0.125248 0.480286
0.00453834 0.121928 0.472041
0.0121609 0.122824 0.471617
0.0190049 0.122116 0.473387
0.0320355 0.125303 0.48388
0.0193663 0.122356 0.473576
0.012341 0.123209 0.471703
0.00471903 0.122115 0.47207
